2.270244407653808594e+01
2.038429641723632812e+01
1.823931312561035156e+01
1.625020408630371094e+01
1.440499591827392578e+01
1.269542407989501953e+01
1.110983371734619141e+01
9.634397506713867188e+00
8.261055946350097656e+00
6.988974571228027344e+00
5.821802616119384766e+00
4.766217708587646484e+00
3.831686258316040039e+00
3.030670404434204102e+00
2.378950357437133789e+00
1.896020889282226562e+00
1.604414939880371094e+00
1.513348340988159180e+00
1.571134567260742188e+00
1.698695659637451172e+00
1.793827533721923828e+00
1.796485781669616699e+00
1.710277676582336426e+00
1.562498331069946289e+00
1.385998606681823730e+00
1.209656000137329102e+00
1.055203676223754883e+00
9.372791051864624023e-01
8.630922436714172363e-01
8.278207182884216309e-01
8.124156594276428223e-01
7.953944802284240723e-01
7.646423578262329102e-01
7.182194590568542480e-01
6.615921258926391602e-01
6.032114028930664062e-01
5.500398874282836914e-01
5.046570897102355957e-01
4.668788313865661621e-01
4.325636923313140869e-01
3.960733711719512939e-01
3.546602129936218262e-01
3.099206686019897461e-01
2.660999298095703125e-01
2.253935337066650391e-01
1.850339174270629883e-01
1.418342590332031250e-01
9.627568721771240234e-02
5.147635936737060547e-02
9.352982044219970703e-03
-3.193879127502441406e-02
-7.542049884796142578e-02
-1.213557720184326172e-01
-1.671518683433532715e-01
-2.109203934669494629e-01
-2.546495199203491211e-01
-3.010182380676269531e-01
-3.490135669708251953e-01
-3.948050737380981445e-01
-4.381006956100463867e-01
-4.835957288742065430e-01
-5.328146815299987793e-01
-5.818403363227844238e-01
-6.277356147766113281e-01
-6.734437942504882812e-01
-7.217074632644653320e-01
-7.712692022323608398e-01
-8.205291628837585449e-01
-8.703754544258117676e-01
-9.208971261978149414e-01
-9.709860086441040039e-01
-1.021769046783447266e+00
-1.074576497077941895e+00
-1.127694368362426758e+00
-1.180016279220581055e+00
-1.233312249183654785e+00
-1.287621974945068359e+00
-1.341610074043273926e+00
-1.396066308021545410e+00
-1.451241612434387207e+00
-1.506137132644653320e+00
-1.561420917510986328e+00
-1.617202281951904297e+00
-1.672507286071777344e+00
-1.728059291839599609e+00
-1.783747434616088867e+00
-1.838579654693603516e+00
-1.893108129501342773e+00
-1.947155714035034180e+00
-2.000581741333007812e+00
-2.053690433502197266e+00
-2.105690240859985352e+00
-2.156925916671752930e+00
-2.207428932189941406e+00
-2.256700992584228516e+00
-2.305068016052246094e+00
-2.352283716201782227e+00
-2.398703813552856445e+00
-2.444058895111083984e+00
-2.488354206085205078e+00
-2.531859636306762695e+00
-2.574520587921142578e+00
-2.616721868515014648e+00
-2.658367395401000977e+00
-2.699712038040161133e+00
-2.740709781646728516e+00
-2.781766176223754883e+00
-2.822732210159301758e+00
-2.863798379898071289e+00
-2.904863595962524414e+00
-2.945978164672851562e+00
-2.987015485763549805e+00
-3.028074502944946289e+00
-3.068891525268554688e+00
-3.109466552734375000e+00
-3.149687051773071289e+00
-3.189558267593383789e+00
-3.229015111923217773e+00
-3.267995834350585938e+00
-3.306568384170532227e+00
-3.344744682312011719e+00
-3.382571697235107422e+00
-3.420082092285156250e+00
-3.457346916198730469e+00
-3.494456291198730469e+00
-3.531426668167114258e+00
-3.568306446075439453e+00
-3.605165719985961914e+00
-3.641998291015625000e+00
-3.678824186325073242e+00
-3.715643882751464844e+00
-3.752456665039062500e+00
-3.789230346679687500e+00
-3.825952768325805664e+00
-3.862620830535888672e+00
-3.899204730987548828e+00
-3.935690641403198242e+00
-3.972069978713989258e+00
-4.008343696594238281e+00
-4.044507503509521484e+00
-4.080557346343994141e+00
-4.116497039794921875e+00
-4.152268409729003906e+00
-4.187779903411865234e+00
-4.222741127014160156e+00
-4.257301330566406250e+00
-4.291877746582031250e+00
-4.326312541961669922e+00
-4.360187530517578125e+00
-4.393676280975341797e+00
-4.426550865173339844e+00
-4.458991527557373047e+00
-4.491683959960937500e+00
-4.524241924285888672e+00
-4.556104183197021484e+00
-4.587367534637451172e+00
-4.618003368377685547e+00
-4.649198055267333984e+00
-4.680158615112304688e+00
-4.710456371307373047e+00
-4.739973068237304688e+00
-4.769445896148681641e+00
-4.799260616302490234e+00
-4.828619956970214844e+00
-4.857154846191406250e+00
-4.885305404663085938e+00
-4.913830757141113281e+00
-4.942220687866210938e+00
-4.969755172729492188e+00
-4.996827125549316406e+00
-5.024259567260742188e+00
-5.051671504974365234e+00
-5.078242778778076172e+00
-5.104438304901123047e+00
-5.130988121032714844e+00
-5.157486438751220703e+00
-5.183157920837402344e+00
-5.208630561828613281e+00
-5.234475135803222656e+00
-5.260076999664306641e+00
-5.284902572631835938e+00
-5.309866428375244141e+00
-5.335020065307617188e+00
-5.359723567962646484e+00
-5.383885383605957031e+00
-5.408467292785644531e+00
-5.432843685150146484e+00
-5.456737041473388672e+00
-5.480490684509277344e+00
-5.504593372344970703e+00
-5.528149604797363281e+00
-5.551444053649902344e+00
-5.574900627136230469e+00
-5.598320484161376953e+00
-5.621131896972656250e+00
-5.644124507904052734e+00
-5.667091846466064453e+00
-5.689740657806396484e+00
-5.712103843688964844e+00
-5.734805583953857422e+00
-5.757036209106445312e+00
-5.779122352600097656e+00
-5.801252841949462891e+00
-5.823340892791748047e+00
-5.844920635223388672e+00
-5.866780281066894531e+00
-5.888398647308349609e+00
-5.909824371337890625e+00
-5.931117534637451172e+00
-5.952584743499755859e+00
-5.973534107208251953e+00
-5.994645118713378906e+00
-6.015594482421875000e+00
-6.036448478698730469e+00
-6.057022094726562500e+00
-6.077857017517089844e+00
-6.098205089569091797e+00
-6.118694782257080078e+00
-6.138983249664306641e+00
-6.159289360046386719e+00
-6.179233074188232422e+00
-6.199481487274169922e+00
-6.219244956970214844e+00
-6.239186286926269531e+00
-6.258864879608154297e+00
-6.278643131256103516e+00
-6.298029422760009766e+00
-6.317730426788330078e+00
-6.336939811706542969e+00
-6.356383323669433594e+00
-6.375506401062011719e+00
-6.394776344299316406e+00
-6.413653850555419922e+00
-6.432845115661621094e+00
-6.451534271240234375e+00
-6.470518589019775391e+00
-6.489112377166748047e+00
-6.507910251617431641e+00
-6.526309967041015625e+00
-6.545021057128906250e+00
-6.563217639923095703e+00
-6.581773281097412109e+00
-6.599863052368164062e+00
-6.618229389190673828e+00
-6.636170387268066406e+00
-6.654431343078613281e+00
-6.672174930572509766e+00
-6.690324306488037109e+00
-6.707934379577636719e+00
-6.725914001464843750e+00
-6.743408203125000000e+00
-6.761259078979492188e+00
-6.778584480285644531e+00
-6.796342372894287109e+00
-6.813510417938232422e+00
-6.831138610839843750e+00
-6.848194122314453125e+00
-6.865682601928710938e+00
-6.882607460021972656e+00
-6.899997711181640625e+00
-6.916766166687011719e+00
-6.934064865112304688e+00
-6.950702667236328125e+00
-6.967881202697753906e+00
-6.984410285949707031e+00
-7.001474380493164062e+00
-7.017876625061035156e+00
-7.034854888916015625e+00
-7.051119804382324219e+00
-7.068008899688720703e+00
-7.084160327911376953e+00
-7.100941181182861328e+00
-7.116988182067871094e+00
-7.133675575256347656e+00
-7.149602413177490234e+00
-7.166213989257812500e+00
-7.182018756866455078e+00
-7.198551654815673828e+00
-7.214251518249511719e+00
-7.230695724487304688e+00
-7.246295452117919922e+00
-7.262658119201660156e+00
-7.278151035308837891e+00
-7.294445037841796875e+00
-7.309828758239746094e+00
-7.326052665710449219e+00
-7.341337203979492188e+00
-7.357486724853515625e+00
-7.372678279876708984e+00
-7.388756752014160156e+00
-7.403848648071289062e+00
-7.419863700866699219e+00
-7.434856414794921875e+00
-7.450809478759765625e+00
-7.465709686279296875e+00
-7.481591701507568359e+00
-7.496401786804199219e+00
-7.512215614318847656e+00
-7.526932239532470703e+00
-7.542681217193603516e+00
-7.557300567626953125e+00
-7.572985172271728516e+00
-7.587509632110595703e+00
-7.603121280670166016e+00
-7.617554187774658203e+00
-7.633085727691650391e+00
-7.647427082061767578e+00
-7.662877559661865234e+00
-7.677119731903076172e+00
-7.692486763000488281e+00
-7.706625938415527344e+00
-7.721904277801513672e+00
-7.735945701599121094e+00
-7.751124858856201172e+00
-7.765064239501953125e+00
-7.780138969421386719e+00
-7.793980121612548828e+00
-7.808944225311279297e+00
-7.822682857513427734e+00
-7.837536334991455078e+00
-7.851171016693115234e+00
-7.865910530090332031e+00
-7.879444599151611328e+00
-7.894067764282226562e+00
-7.907503604888916016e+00
-7.922008991241455078e+00
-7.935349464416503906e+00
-7.949741840362548828e+00
-7.962984561920166016e+00
-7.977268218994140625e+00
-7.990415573120117188e+00
-8.004593849182128906e+00
-8.017648696899414062e+00
-8.031723022460937500e+00
-8.044688224792480469e+00
-8.058664321899414062e+00
-8.071533203125000000e+00
-8.085419654846191406e+00
-8.098196029663085938e+00
-8.111995697021484375e+00
-8.124675750732421875e+00
-8.138389587402343750e+00
-8.150979042053222656e+00
-8.164607048034667969e+00
-8.177106857299804688e+00
-8.190650939941406250e+00
-8.203062057495117188e+00
-8.216525077819824219e+00
-8.228843688964843750e+00
-8.242230415344238281e+00
-8.254459381103515625e+00
-8.267767906188964844e+00
-8.279908180236816406e+00
-8.293139457702636719e+00
-8.305192947387695312e+00
-8.318346977233886719e+00
-8.330320358276367188e+00
-8.343394279479980469e+00
-8.355281829833984375e+00
-8.368281364440917969e+00
-8.380089759826660156e+00
-8.393009185791015625e+00
-8.404741287231445312e+00
-8.417583465576171875e+00
-8.429239273071289062e+00
-8.442004203796386719e+00
-8.453583717346191406e+00
-8.466277122497558594e+00
-8.477782249450683594e+00
-8.490403175354003906e+00
-8.501832962036132812e+00
-8.514383316040039062e+00
-8.525739669799804688e+00
-8.538219451904296875e+00
-8.549504280090332031e+00
-8.561917304992675781e+00
-8.573129653930664062e+00
-8.585476875305175781e+00
-8.596619606018066406e+00
-8.608898162841796875e+00
-8.619973182678222656e+00
-8.632185935974121094e+00
-8.643197059631347656e+00
-8.655340194702148438e+00
-8.666285514831542969e+00
-8.678365707397460938e+00
-8.689247131347656250e+00
-8.701263427734375000e+00
-8.712082862854003906e+00
-8.724034309387207031e+00
-8.734792709350585938e+00
-8.746681213378906250e+00
-8.757379531860351562e+00
-8.769205093383789062e+00
-8.779846191406250000e+00
-8.791609764099121094e+00
-8.802191734313964844e+00
-8.813895225524902344e+00
-8.824419975280761719e+00
-8.836065292358398438e+00
-8.846530914306640625e+00
-8.858118057250976562e+00
-8.868530273437500000e+00
-8.880059242248535156e+00
-8.890415191650390625e+00
-8.901885986328125000e+00
-8.912189483642578125e+00
-8.923604011535644531e+00
-8.933855056762695312e+00
-8.945212364196777344e+00
-8.955410003662109375e+00
-8.966711997985839844e+00
-8.976859092712402344e+00
-8.988103866577148438e+00
-8.998204231262207031e+00
-9.009394645690917969e+00
-9.019446372985839844e+00
-9.030579566955566406e+00
-9.040584564208984375e+00
-9.051667213439941406e+00
-9.061620712280273438e+00
-9.072653770446777344e+00
-9.082559585571289062e+00
-9.093543052673339844e+00
-9.103398323059082031e+00
-9.114335060119628906e+00
-9.124142646789550781e+00
-9.135031700134277344e+00
-9.144795417785644531e+00
-9.155632972717285156e+00
-9.165353775024414062e+00
-9.176142692565917969e+00
-9.185819625854492188e+00
-9.196565628051757812e+00
-9.206192016601562500e+00
-9.216897964477539062e+00
-9.226478576660156250e+00
-9.237141609191894531e+00
-9.246679306030273438e+00
-9.257297515869140625e+00
-9.266794204711914062e+00
-9.277367591857910156e+00
-9.286827087402343750e+00
-9.297352790832519531e+00
-9.306776046752929688e+00
-9.317256927490234375e+00
-9.326643943786621094e+00
-9.337080955505371094e+00
-9.346433639526367188e+00
-9.356824874877929688e+00
-9.366142272949218750e+00
-9.376492500305175781e+00
-9.385775566101074219e+00
-9.396081924438476562e+00
-9.405331611633300781e+00
-9.415596008300781250e+00
-9.424815177917480469e+00
-9.435035705566406250e+00
-9.444227218627929688e+00
-9.454403877258300781e+00
-9.463569641113281250e+00
-9.473698616027832031e+00
-9.482839584350585938e+00
-9.492923736572265625e+00
-9.502041816711425781e+00
-9.512083053588867188e+00
-9.521174430847167969e+00
-9.531179428100585938e+00
-9.540241241455078125e+00
-9.550209045410156250e+00
-9.559246063232421875e+00
-9.569174766540527344e+00
-9.578185081481933594e+00
-9.588075637817382812e+00
-9.597063064575195312e+00
-9.606916427612304688e+00
-9.615880966186523438e+00
-9.625695228576660156e+00
-9.634642601013183594e+00
-9.644416809082031250e+00
-9.653344154357910156e+00
-9.663082122802734375e+00
-9.671987533569335938e+00
-9.681692123413085938e+00
-9.690573692321777344e+00
-9.700244903564453125e+00
-9.709102630615234375e+00
-9.718740463256835938e+00
-9.727578163146972656e+00
-9.737182617187500000e+00
-9.745998382568359375e+00
-9.755572319030761719e+00
-9.764368057250976562e+00
-9.773909568786621094e+00
-9.782681465148925781e+00
-9.792192459106445312e+00
-9.800941467285156250e+00
-9.810422897338867188e+00
-9.819146156311035156e+00
-9.828601837158203125e+00
-9.837294578552246094e+00
-9.846729278564453125e+00
-9.855388641357421875e+00
-9.864804267883300781e+00
-9.873429298400878906e+00
-9.882829666137695312e+00
-9.891414642333984375e+00
-9.900800704956054688e+00
-9.909344673156738281e+00
-9.918719291687011719e+00
-9.927219390869140625e+00
-9.936578750610351562e+00
-9.945034980773925781e+00
-9.954383850097656250e+00
-9.962794303894042969e+00
-9.972133636474609375e+00
-9.980495452880859375e+00
-9.989826202392578125e+00
-9.998138427734375000e+00
-1.000746440887451172e+01
-1.001572036743164062e+01
-1.002504444122314453e+01
-1.003324317932128906e+01
-1.004256820678710938e+01
-1.005070686340332031e+01
-1.006003570556640625e+01
-1.006811332702636719e+01
-1.007744312286376953e+01
-1.008546161651611328e+01
-1.009479236602783203e+01
-1.010274791717529297e+01
-1.011208152770996094e+01
-1.011998081207275391e+01
-1.012931537628173828e+01
-1.013715267181396484e+01
-1.014649200439453125e+01
-1.015427207946777344e+01
-1.016361236572265625e+01
-1.017133140563964844e+01
-1.018067646026611328e+01
-1.018834018707275391e+01
-1.019768333435058594e+01
-1.020529651641845703e+01
-1.021463680267333984e+01
-1.022219848632812500e+01
-1.023153305053710938e+01
-1.023905181884765625e+01
-1.024837684631347656e+01
-1.025585556030273438e+01
-1.026516914367675781e+01
-1.027260589599609375e+01
-1.028190994262695312e+01
-1.028930950164794922e+01
-1.029860401153564453e+01
-1.030596733093261719e+01
-1.031524467468261719e+01
-1.032257556915283203e+01
-1.033183956146240234e+01
-1.033914184570312500e+01
-1.034838581085205078e+01
-1.035565853118896484e+01
-1.036488151550292969e+01
-1.037213230133056641e+01
-1.038133239746093750e+01
-1.038856220245361328e+01
-1.039773845672607422e+01
-1.040494632720947266e+01
-1.041409778594970703e+01
-1.042128944396972656e+01
-1.043041419982910156e+01
-1.043758487701416016e+01
-1.044668674468994141e+01
-1.045383739471435547e+01
-1.046291255950927734e+01
-1.047004318237304688e+01
-1.047909832000732422e+01
-1.048621082305908203e+01
-1.049524211883544922e+01
-1.050233745574951172e+01
-1.051134109497070312e+01
-1.051842212677001953e+01
-1.052740478515625000e+01
-1.053446769714355469e+01
-1.054343032836914062e+01
-1.055048274993896484e+01
-1.055941963195800781e+01
-1.056646347045898438e+01
-1.057538127899169922e+01
-1.058242321014404297e+01
-1.059131622314453125e+01
-1.059837245941162109e+01
-1.060723876953125000e+01
-1.061432361602783203e+01
-1.062315464019775391e+01
-1.063029384613037109e+01
-1.063907337188720703e+01
-1.064628314971923828e+01
-1.065494346618652344e+01
-1.066219234466552734e+01
-1.067054557800292969e+01
-1.067760276794433594e+01
-1.068518257141113281e+01
-1.069166660308837891e+01
-1.069811344146728516e+01
-1.070466899871826172e+01
-1.071077156066894531e+01
-1.071886539459228516e+01
-1.072518634796142578e+01
-1.073446369171142578e+01
-1.074059772491455078e+01
-1.074990940093994141e+01
-1.075599765777587891e+01
-1.076496410369873047e+01
-1.077187728881835938e+01
-1.078073215484619141e+01
-1.078923511505126953e+01
-1.079845333099365234e+01
-1.080883502960205078e+01
-1.081896972656250000e+01
-1.082884216308593750e+01
-1.083333873748779297e+01
-1.084039783477783203e+01
-1.084560775756835938e+01
-1.085768508911132812e+01
-1.086467838287353516e+01
-1.087786579132080078e+01
-1.088235664367675781e+01
-1.089436531066894531e+01
-1.089766788482666016e+01
-1.090925216674804688e+01
-1.090867614746093750e+01
-1.092322826385498047e+01
-1.092232799530029297e+01
-1.093948078155517578e+01
-1.094276332855224609e+01
-1.095695209503173828e+01
-1.095933628082275391e+01
-1.097146892547607422e+01
-1.097364139556884766e+01
-1.098421669006347656e+01
-1.098736095428466797e+01
-1.099793910980224609e+01
-1.100499439239501953e+01
-1.101447772979736328e+01
-1.102263736724853516e+01
-1.102938842773437500e+01
-1.103747367858886719e+01
-1.104276466369628906e+01
-1.105138587951660156e+01
-1.105609798431396484e+01
-1.106589889526367188e+01
-1.107191467285156250e+01
-1.108169269561767578e+01
-1.108821105957031250e+01
-1.109636688232421875e+01
-1.110301876068115234e+01
-1.111013126373291016e+01
-1.111729621887207031e+01
-1.112366867065429688e+01
-1.113163566589355469e+01
-1.113817691802978516e+01
-1.114688110351562500e+01
-1.115338993072509766e+01
-1.116177749633789062e+01
-1.116812515258789062e+01
-1.117600536346435547e+01
-1.118245983123779297e+01
-1.118960380554199219e+01
-1.119646835327148438e+01
-1.120337104797363281e+01
-1.121110630035400391e+01
-1.121792125701904297e+01
-1.122607326507568359e+01
-1.123258018493652344e+01
-1.124063301086425781e+01
-1.124674987792968750e+01
-1.125451564788818359e+01
-1.126040363311767578e+01
-1.126812553405761719e+01
-1.127435874938964844e+01
-1.128225994110107422e+01
-1.128898429870605469e+01
-1.129676723480224609e+01
-1.130356884002685547e+01
-1.131095600128173828e+01
-1.131758117675781250e+01
-1.132465744018554688e+01
-1.133117485046386719e+01
-1.133833217620849609e+01
-1.134491348266601562e+01
-1.135241413116455078e+01
-1.135903072357177734e+01
-1.136673069000244141e+01
-1.137313556671142578e+01
-1.138082599639892578e+01
-1.138693428039550781e+01
-1.139464187622070312e+01
-1.140053081512451172e+01
-1.140836906433105469e+01
-1.141414260864257812e+01
-1.142215156555175781e+01
-1.142789268493652344e+01
-1.143600082397460938e+01
-1.144176483154296875e+01
-1.144984912872314453e+01
-1.145562267303466797e+01
-1.146362018585205078e+01
-1.146937179565429688e+01
-1.147727203369140625e+01
-1.148294258117675781e+01
-1.149080371856689453e+01
-1.149640941619873047e+01
-1.150434112548828125e+01
-1.150994873046875000e+01
-1.151799678802490234e+01
-1.152362251281738281e+01
-1.153171730041503906e+01
-1.153728294372558594e+01
-1.154535770416259766e+01
-1.155078697204589844e+01
-1.155885601043701172e+01
-1.156412982940673828e+01
-1.157227706909179688e+01
-1.157743740081787109e+01
-1.158572196960449219e+01
-1.159082317352294922e+01
-1.159919738769531250e+01
-1.160426807403564453e+01
-1.161266326904296875e+01
-1.161770725250244141e+01
-1.162608909606933594e+01
-1.163109493255615234e+01
-1.163946723937988281e+01
-1.164440631866455078e+01
-1.165279197692871094e+01
-1.165764141082763672e+01
-1.166606140136718750e+01
-1.167082023620605469e+01
-1.167930316925048828e+01
-1.168401241302490234e+01
-1.169255638122558594e+01
-1.169725227355957031e+01
-1.170583534240722656e+01
-1.171050453186035156e+01
-1.171910095214843750e+01
-1.172371101379394531e+01
-1.173231029510498047e+01
-1.173683357238769531e+01
-1.174546813964843750e+01
-1.174989414215087891e+01
-1.175858783721923828e+01
-1.176292324066162109e+01
-1.177168655395507812e+01
-1.177593612670898438e+01
-1.178475952148437500e+01
-1.178895282745361328e+01
-1.179782295227050781e+01
-1.180197906494140625e+01
-1.181087779998779297e+01
-1.181501483917236328e+01
-1.182392311096191406e+01
-1.182803153991699219e+01
-1.183694458007812500e+01
-1.184099960327148438e+01
-1.184992218017578125e+01
-1.185390186309814453e+01
-1.186286067962646484e+01
-1.186675739288330078e+01
-1.187577438354492188e+01
-1.187958145141601562e+01
-1.188866043090820312e+01
-1.189238929748535156e+01
-1.190152359008789062e+01
-1.190519142150878906e+01
-1.191436767578125000e+01
-1.191799354553222656e+01
-1.192720031738281250e+01
-1.193080425262451172e+01
-1.194002819061279297e+01
-1.194360733032226562e+01
-1.195284080505371094e+01
-1.195638561248779297e+01
-1.196563339233398438e+01
-1.196912670135498047e+01
-1.197840023040771484e+01
-1.198181819915771484e+01
-1.199114990234375000e+01
-1.199446964263916016e+01
-1.200385951995849609e+01
-1.200707435607910156e+01
-1.201653575897216797e+01
-1.201963710784912109e+01
-1.202917194366455078e+01
-1.203217315673828125e+01
-1.204176521301269531e+01
-1.204469680786132812e+01
-1.205432701110839844e+01
-1.205721855163574219e+01
-1.206685924530029297e+01
-1.206974124908447266e+01
-1.207936859130859375e+01
-1.208228111267089844e+01
-1.209186172485351562e+01
-1.209482765197753906e+01
-1.210436725616455078e+01
-1.210738754272460938e+01
-1.211688709259033203e+01
-1.211995315551757812e+01
-1.212943172454833984e+01
-1.213250923156738281e+01
-1.214199829101562500e+01
-1.214503383636474609e+01
-1.215459823608398438e+01
-1.215750980377197266e+01
-1.216721630096435547e+01
-1.216992092132568359e+01
-1.217984008789062500e+01
-1.218225669860839844e+01
-1.219246387481689453e+01
-1.219449520111083984e+01
-1.220506477355957031e+01
-1.220664119720458984e+01
-1.221764850616455078e+01
-1.221869754791259766e+01
-1.223021697998046875e+01
-1.223070716857910156e+01
-1.224277114868164062e+01
-1.224273395538330078e+01
-1.225532341003417969e+01
-1.225482177734375000e+01
-1.226782417297363281e+01
-1.226689338684082031e+01
-1.228007888793945312e+01
-1.227849292755126953e+01
-1.229153442382812500e+01
-1.228842735290527344e+01
-1.230109310150146484e+01
-1.229505252838134766e+01
-1.230801773071289062e+01
-1.230009937286376953e+01
-1.231516838073730469e+01
-1.231071472167968750e+01
-1.232561588287353516e+01
-1.232845115661621094e+01
-1.234052467346191406e+01
-1.235124015808105469e+01
-1.235969924926757812e+01
-1.236830139160156250e+01
-1.236942005157470703e+01
-1.237840270996093750e+01
-1.238022136688232422e+01
-1.239134502410888672e+01
-1.239711666107177734e+01
-1.240476703643798828e+01
-1.240947151184082031e+01
-1.241025161743164062e+01
-1.241858577728271484e+01
-1.241820621490478516e+01
-1.243318843841552734e+01
-1.243420791625976562e+01
-1.244966506958007812e+01
-1.244839668273925781e+01
-1.246295070648193359e+01
-1.245870494842529297e+01
-1.247561264038085938e+01
-1.246947383880615234e+01
-1.248738384246826172e+01
-1.247585010528564453e+01
-1.249874687194824219e+01
-1.248521614074707031e+01
-1.251154613494873047e+01
-1.250229454040527344e+01
-1.252489566802978516e+01
-1.251739120483398438e+01
-1.253687477111816406e+01
-1.253024387359619141e+01
-1.254826164245605469e+01
-1.254257869720458984e+01
-1.255886554718017578e+01
-1.255307006835937500e+01
-1.256923198699951172e+01
-1.256563663482666016e+01
-1.258090305328369141e+01
-1.258064556121826172e+01
-1.259328651428222656e+01
-1.259472084045410156e+01
-1.260505485534667969e+01
-1.260731697082519531e+01
-1.261635780334472656e+01
-1.261861705780029297e+01
-1.262710475921630859e+01
-1.262884044647216797e+01
-1.263802528381347656e+01
-1.263983535766601562e+01
-1.265014076232910156e+01
-1.265227985382080078e+01
-1.266286087036132812e+01
-1.266466999053955078e+01
-1.267508506774902344e+01
-1.267613601684570312e+01
-1.268675136566162109e+01
-1.268685245513916016e+01
-1.269810295104980469e+01
-1.269710063934326172e+01
-1.270936870574951172e+01
-1.270767879486083984e+01
-1.272093391418457031e+01
-1.271927452087402344e+01
-1.273278045654296875e+01
-1.273141860961914062e+01
-1.274453163146972656e+01
-1.274337291717529297e+01
-1.275599002838134766e+01
-1.275489139556884766e+01
-1.276718902587890625e+01
-1.276594734191894531e+01
-1.277816963195800781e+01
-1.277676868438720703e+01
-1.278912830352783203e+01
-1.278788757324218750e+01
-1.280032539367675781e+01
-1.279956531524658203e+01
-1.281175327301025391e+01
-1.281145668029785156e+01
-1.282316875457763672e+01
-1.282310009002685547e+01
-1.283442974090576172e+01
-1.283434772491455078e+01
-1.284557151794433594e+01
-1.284527969360351562e+01
-1.285662937164306641e+01
-1.285605430603027344e+01
-1.286767387390136719e+01
-1.286688232421875000e+01
-1.287878894805908203e+01
-1.287795257568359375e+01
-1.289000797271728516e+01
-1.288924694061279297e+01
-1.290128612518310547e+01
-1.290057563781738281e+01
-1.291252326965332031e+01
-1.291176319122314453e+01
-1.292366981506347656e+01
-1.292273902893066406e+01
-1.293470096588134766e+01
-1.293354129791259766e+01
-1.294566249847412109e+01
-1.294426631927490234e+01
-1.295659160614013672e+01
-1.295504474639892578e+01
-1.296751594543457031e+01
-1.296594429016113281e+01
-1.297848033905029297e+01
-1.297698688507080078e+01
-1.298946380615234375e+01
-1.298810482025146484e+01
-1.300045394897460938e+01
-1.299920177459716797e+01
-1.301140499114990234e+01
-1.301018333435058594e+01
-1.302231693267822266e+01
-1.302102851867675781e+01
-1.303317832946777344e+01
-1.303176212310791016e+01
-1.304399585723876953e+01
-1.304240798950195312e+01
-1.305477619171142578e+01
-1.305303096771240234e+01
-1.306552791595458984e+01
-1.306367683410644531e+01
-1.307627677917480469e+01
-1.307438659667968750e+01
-1.308702468872070312e+01
-1.308517456054687500e+01
-1.309778881072998047e+01
-1.309601402282714844e+01
-1.310855102539062500e+01
-1.310685634613037109e+01
-1.311930847167968750e+01
-1.311764526367187500e+01
-1.313004302978515625e+01
-1.312836360931396484e+01
-1.314076232910156250e+01
-1.313898658752441406e+01
-1.315146160125732422e+01
-1.314951896667480469e+01
-1.316213989257812500e+01
-1.315996742248535156e+01
-1.317277145385742188e+01
-1.317035961151123047e+01
-1.318336296081542969e+01
-1.318071174621582031e+01
-1.319389915466308594e+01
-1.319105720520019531e+01
-1.320437526702880859e+01
-1.320141315460205078e+01
-1.321479701995849609e+01
-1.321181583404541016e+01
-1.322518539428710938e+01
-1.322229385375976562e+01
