8.684873199462890625e+01
7.838335418701171875e+01
7.053444671630859375e+01
6.322070693969726562e+01
5.641743469238281250e+01
5.011086273193359375e+01
4.429713821411132812e+01
3.897066116333007812e+01
3.411031341552734375e+01
2.968115806579589844e+01
2.565852165222167969e+01
2.203951835632324219e+01
1.883406829833984375e+01
1.605292320251464844e+01
1.357366085052490234e+01
1.129074096679687500e+01
9.328206062316894531e+00
7.759732246398925781e+00
6.635701179504394531e+00
5.935186386108398438e+00
5.611329555511474609e+00
5.684497356414794922e+00
5.799139976501464844e+00
5.767256736755371094e+00
5.635706901550292969e+00
5.461442470550537109e+00
5.297372341156005859e+00
5.174793720245361328e+00
5.080871105194091797e+00
4.971044540405273438e+00
4.812396526336669922e+00
4.601478099822998047e+00
4.359800338745117188e+00
4.124848365783691406e+00
3.939225912094116211e+00
3.823850631713867188e+00
3.745690107345581055e+00
3.678900480270385742e+00
3.618337631225585938e+00
3.562925577163696289e+00
3.520025968551635742e+00
3.486620903015136719e+00
3.443515300750732422e+00
3.377995491027832031e+00
3.295059680938720703e+00
3.212642669677734375e+00
3.152804374694824219e+00
3.114789009094238281e+00
3.073065280914306641e+00
3.019030332565307617e+00
2.964597940444946289e+00
2.922928333282470703e+00
2.882839918136596680e+00
2.833140611648559570e+00
2.778553724288940430e+00
2.730500698089599609e+00
2.686015844345092773e+00
2.635939121246337891e+00
2.583956480026245117e+00
2.537652015686035156e+00
2.491673469543457031e+00
2.441242218017578125e+00
2.391525268554687500e+00
2.345731258392333984e+00
2.297356128692626953e+00
2.246712684631347656e+00
2.199155092239379883e+00
2.151192903518676758e+00
2.100539207458496094e+00
2.051143884658813477e+00
2.001715183258056641e+00
1.950207829475402832e+00
1.899873495101928711e+00
1.849294662475585938e+00
1.797323703765869141e+00
1.745983362197875977e+00
1.694171667098999023e+00
1.641389846801757812e+00
1.588821411132812500e+00
1.536127448081970215e+00
1.482828021049499512e+00
1.430162310600280762e+00
1.377638339996337891e+00
1.325137376785278320e+00
1.273535132408142090e+00
1.221873998641967773e+00
1.170913457870483398e+00
1.120651960372924805e+00
1.070889830589294434e+00
1.021773815155029297e+00
9.733366966247558594e-01
9.251344203948974609e-01
8.774824142456054688e-01
8.301768302917480469e-01
7.828552722930908203e-01
7.357602119445800781e-01
6.883857250213623047e-01
6.406717300415039062e-01
5.925862789154052734e-01
5.437449216842651367e-01
4.941537380218505859e-01
4.436496496200561523e-01
3.920872211456298828e-01
3.394764661788940430e-01
2.858027219772338867e-01
2.311035394668579102e-01
1.753762960433959961e-01
1.187056303024291992e-01
6.117343902587890625e-02
2.823591232299804688e-03
-5.624818801879882812e-02
-1.158891916275024414e-01
-1.759741306304931641e-01
-2.362878322601318359e-01
-2.967866659164428711e-01
-3.573358058929443359e-01
-4.179365634918212891e-01
-4.784529209136962891e-01
-5.387959480285644531e-01
-5.989253520965576172e-01
-6.588258743286132812e-01
-7.185482978820800781e-01
-7.778993844985961914e-01
-8.365277051925659180e-01
-8.939201831817626953e-01
-9.508632421493530273e-01
-1.008388996124267578e+00
-1.064807891845703125e+00
-1.121099472045898438e+00
-1.176948785781860352e+00
-1.231792688369750977e+00
-1.288552165031433105e+00
-1.344443082809448242e+00
-1.400272607803344727e+00
-1.456550836563110352e+00
-1.512773752212524414e+00
-1.568587303161621094e+00
-1.625159621238708496e+00
-1.682130336761474609e+00
-1.738845705986022949e+00
-1.796147942543029785e+00
-1.854024887084960938e+00
-1.911674857139587402e+00
-1.968649625778198242e+00
-2.026343822479248047e+00
-2.084192276000976562e+00
-2.141396999359130859e+00
-2.198967456817626953e+00
-2.257132053375244141e+00
-2.315557956695556641e+00
-2.373070240020751953e+00
-2.429085254669189453e+00
-2.486702919006347656e+00
-2.543391227722167969e+00
-2.599048376083374023e+00
-2.654538154602050781e+00
-2.708362102508544922e+00
-2.762371540069580078e+00
-2.817341327667236328e+00
-2.870853424072265625e+00
-2.923379898071289062e+00
-2.974495649337768555e+00
-3.025871276855468750e+00
-3.078526973724365234e+00
-3.129473686218261719e+00
-3.179450988769531250e+00
-3.227787733078002930e+00
-3.279212713241577148e+00
-3.328805446624755859e+00
-3.377244472503662109e+00
-3.423937559127807617e+00
-3.473128795623779297e+00
-3.521008491516113281e+00
-3.567548274993896484e+00
-3.612633466720581055e+00
-3.659658670425415039e+00
-3.705422401428222656e+00
-3.749840736389160156e+00
-3.793293237686157227e+00
-3.838334560394287109e+00
-3.881896018981933594e+00
-3.924102544784545898e+00
-3.966084241867065430e+00
-4.009175777435302734e+00
-4.050564289093017578e+00
-4.090657711029052734e+00
-4.131378173828125000e+00
-4.172440528869628906e+00
-4.211699485778808594e+00
-4.250033378601074219e+00
-4.289507865905761719e+00
-4.328412055969238281e+00
-4.365540027618408203e+00
-4.402682781219482422e+00
-4.440476894378662109e+00
-4.477109909057617188e+00
-4.512350082397460938e+00
-4.548604965209960938e+00
-4.584177494049072266e+00
-4.618532657623291016e+00
-4.652673244476318359e+00
-4.687399864196777344e+00
-4.720631599426269531e+00
-4.753286361694335938e+00
-4.786503791809082031e+00
-4.819031238555908203e+00
-4.850269317626953125e+00
-4.882139205932617188e+00
-4.913549423217773438e+00
-4.943933486938476562e+00
-4.974240303039550781e+00
-5.004796504974365234e+00
-5.034134864807128906e+00
-5.063320159912109375e+00
-5.092719554901123047e+00
-5.121351718902587891e+00
-5.149359703063964844e+00
-5.177917480468750000e+00
-5.205583572387695312e+00
-5.232840061187744141e+00
-5.260356426239013672e+00
-5.287405490875244141e+00
-5.313745498657226562e+00
-5.340580940246582031e+00
-5.366772174835205078e+00
-5.392566204071044922e+00
-5.418541908264160156e+00
-5.444209098815917969e+00
-5.469253063201904297e+00
-5.494714736938476562e+00
-5.519613742828369141e+00
-5.544254302978515625e+00
-5.568999290466308594e+00
-5.593450069427490234e+00
-5.617458343505859375e+00
-5.641787528991699219e+00
-5.665575027465820312e+00
-5.689240455627441406e+00
-5.712967872619628906e+00
-5.736339569091796875e+00
-5.759495735168457031e+00
-5.782818317413330078e+00
-5.805629253387451172e+00
-5.828474998474121094e+00
-5.851255416870117188e+00
-5.873691558837890625e+00
-5.896098613739013672e+00
-5.918470382690429688e+00
-5.940440177917480469e+00
-5.962541580200195312e+00
-5.984403133392333984e+00
-6.006067752838134766e+00
-6.027750492095947266e+00
-6.049227237701416016e+00
-6.070509910583496094e+00
-6.091868400573730469e+00
-6.112900257110595703e+00
-6.133920192718505859e+00
-6.154859542846679688e+00
-6.175558567047119141e+00
-6.196258544921875000e+00
-6.216820240020751953e+00
-6.237198829650878906e+00
-6.257584571838378906e+00
-6.277783393859863281e+00
-6.297855854034423828e+00
-6.317934989929199219e+00
-6.337752819061279297e+00
-6.357600688934326172e+00
-6.377272605895996094e+00
-6.396860122680664062e+00
-6.416343688964843750e+00
-6.435765743255615234e+00
-6.454984664916992188e+00
-6.474271774291992188e+00
-6.493269443511962891e+00
-6.512349128723144531e+00
-6.531197547912597656e+00
-6.550048351287841797e+00
-6.568727016448974609e+00
-6.587409973144531250e+00
-6.605862617492675781e+00
-6.624413490295410156e+00
-6.642653465270996094e+00
-6.661034584045410156e+00
-6.679116725921630859e+00
-6.697293281555175781e+00
-6.715228080749511719e+00
-6.733228683471679688e+00
-6.750977516174316406e+00
-6.768838882446289062e+00
-6.786393165588378906e+00
-6.804108619689941406e+00
-6.821495056152343750e+00
-6.839044570922851562e+00
-6.856277942657470703e+00
-6.873668670654296875e+00
-6.890735626220703125e+00
-6.907986640930175781e+00
-6.924881935119628906e+00
-6.941995143890380859e+00
-6.958732604980468750e+00
-6.975693702697753906e+00
-6.992288589477539062e+00
-7.009099006652832031e+00
-7.025545120239257812e+00
-7.042221546173095703e+00
-7.058503150939941406e+00
-7.075064659118652344e+00
-7.091181278228759766e+00
-7.107619762420654297e+00
-7.123589038848876953e+00
-7.139889240264892578e+00
-7.155728816986083984e+00
-7.171888351440429688e+00
-7.187592506408691406e+00
-7.203631401062011719e+00
-7.219181060791015625e+00
-7.235119342803955078e+00
-7.250510692596435547e+00
-7.266343593597412109e+00
-7.281594276428222656e+00
-7.297304153442382812e+00
-7.312433719635009766e+00
-7.328013896942138672e+00
-7.343021869659423828e+00
-7.358486652374267578e+00
-7.373358249664306641e+00
-7.388725280761718750e+00
-7.403451442718505859e+00
-7.418727874755859375e+00
-7.433312892913818359e+00
-7.448488712310791016e+00
-7.462951660156250000e+00
-7.478016376495361328e+00
-7.492364883422851562e+00
-7.507319450378417969e+00
-7.521549224853515625e+00
-7.536406517028808594e+00
-7.550507545471191406e+00
-7.565277576446533203e+00
-7.579246520996093750e+00
-7.593934535980224609e+00
-7.607775688171386719e+00
-7.622375488281250000e+00
-7.636098861694335938e+00
-7.650603771209716797e+00
-7.664215087890625000e+00
-7.678630352020263672e+00
-7.692124366760253906e+00
-7.706458568572998047e+00
-7.719830989837646484e+00
-7.734088420867919922e+00
-7.747338294982910156e+00
-7.761519432067871094e+00
-7.774655818939208984e+00
-7.788753509521484375e+00
-7.801785469055175781e+00
-7.815796375274658203e+00
-7.828723430633544922e+00
-7.842654228210449219e+00
-7.855472564697265625e+00
-7.869331836700439453e+00
-7.882035255432128906e+00
-7.895828723907470703e+00
-7.908418178558349609e+00
-7.922142505645751953e+00
-7.934625148773193359e+00
-7.948278427124023438e+00
-7.960657119750976562e+00
-7.974240779876708984e+00
-7.986514091491699219e+00
-8.000035285949707031e+00
-8.012197494506835938e+00
-8.025658607482910156e+00
-8.037714004516601562e+00
-8.051114082336425781e+00
-8.063064575195312500e+00
-8.076400756835937500e+00
-8.088255882263183594e+00
-8.101524353027343750e+00
-8.113286018371582031e+00
-8.126490592956542969e+00
-8.138151168823242188e+00
-8.151301383972167969e+00
-8.162854194641113281e+00
-8.175958633422851562e+00
-8.187399864196777344e+00
-8.200461387634277344e+00
-8.211795806884765625e+00
-8.224805831909179688e+00
-8.236046791076660156e+00
-8.248992919921875000e+00
-8.260152816772460938e+00
-8.273033142089843750e+00
-8.284110069274902344e+00
-8.296930313110351562e+00
-8.307912826538085938e+00
-8.320686340332031250e+00
-8.331564903259277344e+00
-8.344304084777832031e+00
-8.355074882507324219e+00
-8.367777824401855469e+00
-8.378447532653808594e+00
-8.391105651855468750e+00
-8.401686668395996094e+00
-8.414293289184570312e+00
-8.424790382385253906e+00
-8.437341690063476562e+00
-8.447758674621582031e+00
-8.460256576538085938e+00
-8.470591545104980469e+00
-8.483037948608398438e+00
-8.493287086486816406e+00
-8.505691528320312500e+00
-8.515846252441406250e+00
-8.528219223022460938e+00
-8.538272857666015625e+00
-8.550617218017578125e+00
-8.560575485229492188e+00
-8.572877883911132812e+00
-8.582759857177734375e+00
-8.595006942749023438e+00
-8.604818344116210938e+00
-8.617013931274414062e+00
-8.626749038696289062e+00
-8.638899803161621094e+00
-8.648552894592285156e+00
-8.660664558410644531e+00
-8.670232772827148438e+00
-8.682306289672851562e+00
-8.691792488098144531e+00
-8.703829765319824219e+00
-8.713232994079589844e+00
-8.725232124328613281e+00
-8.734558105468750000e+00
-8.746513366699218750e+00
-8.755769729614257812e+00
-8.767678260803222656e+00
-8.776865959167480469e+00
-8.788729667663574219e+00
-8.797848701477050781e+00
-8.809674263000488281e+00
-8.818716049194335938e+00
-8.830513954162597656e+00
-8.839477539062500000e+00
-8.851247787475585938e+00
-8.860135078430175781e+00
-8.871887207031250000e+00
-8.880694389343261719e+00
-8.892436981201171875e+00
-8.901148796081542969e+00
-8.912903785705566406e+00
-8.921481132507324219e+00
-8.933265686035156250e+00
-8.941615104675292969e+00
-8.953428268432617188e+00
-8.961283683776855469e+00
-8.973063468933105469e+00
-8.979686737060546875e+00
-8.991392135620117188e+00
-8.995352745056152344e+00
-9.008188247680664062e+00
-9.009180068969726562e+00
-9.026481628417968750e+00
-9.026269912719726562e+00
-9.047228813171386719e+00
-9.047349929809570312e+00
-9.068383216857910156e+00
-9.071578025817871094e+00
-9.090498924255371094e+00
-9.096969604492187500e+00
-9.111071586608886719e+00
-9.114424705505371094e+00
-9.127915382385253906e+00
-9.133081436157226562e+00
-9.145760536193847656e+00
-9.156451225280761719e+00
-9.165534019470214844e+00
-9.178751945495605469e+00
-9.181625366210937500e+00
-9.198568344116210938e+00
-9.197765350341796875e+00
-9.218398094177246094e+00
-9.219087600708007812e+00
-9.237643241882324219e+00
-9.237552642822265625e+00
-9.255832672119140625e+00
-9.256155014038085938e+00
-9.274360656738281250e+00
-9.277638435363769531e+00
-9.293004035949707031e+00
-9.297050476074218750e+00
-9.310658454895019531e+00
-9.316182136535644531e+00
-9.328584671020507812e+00
-9.336037635803222656e+00
-9.346616744995117188e+00
-9.354475021362304688e+00
-9.364254951477050781e+00
-9.372247695922851562e+00
-9.382886886596679688e+00
-9.390245437622070312e+00
-9.401685714721679688e+00
-9.407416343688964844e+00
-9.419932365417480469e+00
-9.424502372741699219e+00
-9.438064575195312500e+00
-9.442257881164550781e+00
-9.455960273742675781e+00
-9.459842681884765625e+00
-9.473400115966796875e+00
-9.477272033691406250e+00
-9.490871429443359375e+00
-9.495119094848632812e+00
-9.508289337158203125e+00
-9.512712478637695312e+00
-9.525465965270996094e+00
-9.530121803283691406e+00
-9.542490959167480469e+00
-9.547596931457519531e+00
-9.559603691101074219e+00
-9.565025329589843750e+00
-9.576601982116699219e+00
-9.581998825073242188e+00
-9.593641281127929688e+00
-9.598851203918457031e+00
-9.610731124877929688e+00
-9.615512847900390625e+00
-9.627843856811523438e+00
-9.632078170776367188e+00
-9.644735336303710938e+00
-9.648506164550781250e+00
-9.661540031433105469e+00
-9.665165901184082031e+00
-9.678174972534179688e+00
-9.681828498840332031e+00
-9.694727897644042969e+00
-9.698520660400390625e+00
-9.711106300354003906e+00
-9.714968681335449219e+00
-9.727524757385253906e+00
-9.731426239013671875e+00
-9.743855476379394531e+00
-9.747620582580566406e+00
-9.760207176208496094e+00
-9.763822555541992188e+00
-9.776374816894531250e+00
-9.779837608337402344e+00
-9.792542457580566406e+00
-9.796001434326171875e+00
-9.808568000793457031e+00
-9.811989784240722656e+00
-9.824634552001953125e+00
-9.828062057495117188e+00
-9.840551376342773438e+00
-9.843838691711425781e+00
-9.856513977050781250e+00
-9.859693527221679688e+00
-9.872322082519531250e+00
-9.875230789184570312e+00
-9.888207435607910156e+00
-9.890890121459960938e+00
-9.903903961181640625e+00
-9.906240463256835938e+00
-9.919641494750976562e+00
-9.921797752380371094e+00
-9.935135841369628906e+00
-9.937081336975097656e+00
-9.950688362121582031e+00
-9.952644348144531250e+00
-9.966013908386230469e+00
-9.967877388000488281e+00
-9.981464385986328125e+00
-9.983387947082519531e+00
-9.996704101562500000e+00
-9.998428344726562500e+00
-1.001213359832763672e+01
-1.001373386383056641e+01
-1.002733993530273438e+01
-1.002843093872070312e+01
-1.004278945922851562e+01
-1.004347610473632812e+01
-1.005795478820800781e+01
-1.005778884887695312e+01
-1.007341098785400391e+01
-1.007261371612548828e+01
-1.008846855163574219e+01
-1.008649921417236328e+01
-1.010387420654296875e+01
-1.010112857818603516e+01
-1.011865139007568359e+01
-1.011429977416992188e+01
-1.013385009765625000e+01
-1.012837219238281250e+01
-1.014792156219482422e+01
-1.013958835601806641e+01
-1.016216945648193359e+01
-1.015142250061035156e+01
-1.017398834228515625e+01
-1.015697956085205078e+01
-1.018381023406982422e+01
-1.016370391845703125e+01
-1.019477748870849609e+01
-1.014563751220703125e+01
-1.016520881652832031e+01
-1.020421791076660156e+01
-1.019181060791015625e+01
-1.024760150909423828e+01
-1.023235321044921875e+01
-1.025740528106689453e+01
-1.025867462158203125e+01
-1.026810741424560547e+01
-1.027364540100097656e+01
-1.028361415863037109e+01
-1.028479003906250000e+01
-1.030297279357910156e+01
-1.029115295410156250e+01
-1.032153034210205078e+01
-1.029935836791992188e+01
-1.033744144439697266e+01
-1.030623531341552734e+01
-1.034450244903564453e+01
-1.032214736938476562e+01
-1.035470104217529297e+01
-1.030420207977294922e+01
-1.032780170440673828e+01
-1.033912372589111328e+01
-1.028411579132080078e+01
-1.039411163330078125e+01
-1.016584682464599609e+01
-1.003313827514648438e+01
-1.026370429992675781e+01
-1.032048320770263672e+01
-1.016042232513427734e+01
-1.018995761871337891e+01
-1.041198539733886719e+01
-1.018550300598144531e+01
-1.000071430206298828e+01
-1.028440666198730469e+01
-1.029215621948242188e+01
-1.008893013000488281e+01
-1.010646438598632812e+01
-1.029001140594482422e+01
-1.041887474060058594e+01
-1.018103218078613281e+01
-1.017754936218261719e+01
-1.048126220703125000e+01
-9.791786193847656250e+00
-9.156104087829589844e+00
-9.579674720764160156e+00
-1.023636817932128906e+01
-1.011398029327392578e+01
-9.871329307556152344e+00
-9.933683395385742188e+00
-1.003153514862060547e+01
-1.026083564758300781e+01
-1.035140514373779297e+01
-1.015611743927001953e+01
-1.036753082275390625e+01
-1.040275001525878906e+01
-1.026887989044189453e+01
-1.044498157501220703e+01
-1.041833114624023438e+01
-1.040381431579589844e+01
-1.041511917114257812e+01
-1.052598094940185547e+01
-1.039989757537841797e+01
-1.051309490203857422e+01
-1.030789947509765625e+01
-1.020347118377685547e+01
-1.052892684936523438e+01
-9.978063583374023438e+00
-9.474107742309570312e+00
-9.970894813537597656e+00
-1.042048263549804688e+01
-1.016688060760498047e+01
-1.023601913452148438e+01
-1.036851692199707031e+01
-1.025474739074707031e+01
-1.045750522613525391e+01
-1.037397956848144531e+01
-1.025106239318847656e+01
-1.054250526428222656e+01
-1.031498146057128906e+01
-1.021447086334228516e+01
-1.051352500915527344e+01
-1.030585479736328125e+01
-1.016852474212646484e+01
-1.037893486022949219e+01
-1.036686801910400391e+01
-1.040239906311035156e+01
-1.040682029724121094e+01
-1.035795307159423828e+01
-1.058754062652587891e+01
-1.025580501556396484e+01
-1.007496929168701172e+01
-1.051052284240722656e+01
-1.025713157653808594e+01
-9.941648483276367188e+00
-1.030468368530273438e+01
-1.034945487976074219e+01
-1.024013137817382812e+01
-1.048386764526367188e+01
-1.027870178222656250e+01
-1.019644737243652344e+01
-1.059023284912109375e+01
-1.014293193817138672e+01
-9.729821205139160156e+00
-1.027272701263427734e+01
-1.060446357727050781e+01
-1.045192241668701172e+01
-1.065874004364013672e+01
-1.011576843261718750e+01
-9.764603614807128906e+00
-1.030728244781494141e+01
-1.054823207855224609e+01
-1.033054828643798828e+01
-1.054670810699462891e+01
-1.043628311157226562e+01
-1.033949279785156250e+01
-1.065336894989013672e+01
-1.020223617553710938e+01
-9.874464988708496094e+00
-1.040803909301757812e+01
-1.057141304016113281e+01
-1.033998680114746094e+01
-1.062454509735107422e+01
-1.043435573577880859e+01
-1.020978832244873047e+01
-1.061101245880126953e+01
-1.041684722900390625e+01
-1.007589912414550781e+01
-1.048434448242187500e+01
-1.061450576782226562e+01
-1.043199443817138672e+01
-1.069053173065185547e+01
-1.033321189880371094e+01
-1.003177738189697266e+01
-1.050345516204833984e+01
-1.059520244598388672e+01
-1.036119842529296875e+01
-1.065407276153564453e+01
-1.049751853942871094e+01
-1.027926635742187500e+01
-1.065123367309570312e+01
-1.047821807861328125e+01
-1.016922378540039062e+01
-1.056017398834228516e+01
-1.063485336303710938e+01
-1.043965530395507812e+01
-1.071543312072753906e+01
-1.042352676391601562e+01
-1.012661170959472656e+01
-1.056239414215087891e+01
-1.064316844940185547e+01
-1.043118858337402344e+01
-1.071261405944824219e+01
-1.050191879272460938e+01
-1.024940013885498047e+01
-1.064123535156250000e+01
-1.060359287261962891e+01
-1.035385990142822266e+01
-1.067853260040283203e+01
-1.059771347045898438e+01
-1.036982154846191406e+01
-1.070466709136962891e+01
-1.056219863891601562e+01
-1.029577827453613281e+01
-1.065816020965576172e+01
-1.065059947967529297e+01
-1.043859958648681641e+01
-1.074187850952148438e+01
-1.055118274688720703e+01
-1.028389644622802734e+01
-1.065896701812744141e+01
-1.068272972106933594e+01
-1.047724151611328125e+01
-1.076484107971191406e+01
-1.055712604522705078e+01
-1.028771018981933594e+01
-1.066637039184570312e+01
-1.070730781555175781e+01
-1.050746250152587891e+01
-1.078570842742919922e+01
-1.056548690795898438e+01
-1.029609870910644531e+01
-1.067666339874267578e+01
-1.072987651824951172e+01
-1.053578472137451172e+01
-1.080567264556884766e+01
-1.057735919952392578e+01
-1.030908298492431641e+01
-1.068903732299804688e+01
-1.075115108489990234e+01
-1.056045436859130859e+01
-1.082400035858154297e+01
-1.059035205841064453e+01
-1.032326126098632812e+01
-1.070359039306640625e+01
-1.076962089538574219e+01
-1.058240413665771484e+01
-1.084178924560546875e+01
-1.060858821868896484e+01
-1.034518241882324219e+01
-1.072122001647949219e+01
-1.078698635101318359e+01
-1.059944248199462891e+01
-1.085669517517089844e+01
-1.062854480743408203e+01
-1.036910820007324219e+01
-1.074280738830566406e+01
-1.079908180236816406e+01
-1.061133861541748047e+01
-1.087009906768798828e+01
-1.066019821166992188e+01
-1.041066265106201172e+01
-1.077144241333007812e+01
-1.080697250366210938e+01
-1.061010360717773438e+01
-1.087537956237792969e+01
-1.069785118103027344e+01
-1.046134757995605469e+01
-1.081039047241210938e+01
-1.079939365386962891e+01
-1.059261703491210938e+01
-1.087470817565917969e+01
-1.075224590301513672e+01
-1.053557777404785156e+01
-1.085564327239990234e+01
-1.078453254699707031e+01
-1.055801296234130859e+01
-1.086252403259277344e+01
-1.080370044708251953e+01
-1.060063457489013672e+01
-1.089689064025878906e+01
-1.076446056365966797e+01
-1.052645397186279297e+01
-1.085546398162841797e+01
-1.084666156768798828e+01
-1.065599441528320312e+01
-1.092890644073486328e+01
-1.076146221160888672e+01
-1.051894092559814453e+01
-1.085797214508056641e+01
-1.087506866455078125e+01
-1.068513870239257812e+01
-1.094835853576660156e+01
-1.077238941192626953e+01
-1.053446960449218750e+01
-1.087782096862792969e+01
-1.088615608215332031e+01
-1.069459247589111328e+01
-1.095949172973632812e+01
-1.080843734741210938e+01
-1.058306789398193359e+01
-1.091001415252685547e+01
-1.088654041290283203e+01
-1.068105888366699219e+01
-1.095865821838378906e+01
-1.084885406494140625e+01
-1.063714599609375000e+01
-1.094972419738769531e+01
-1.087448310852050781e+01
-1.066007709503173828e+01
-1.095681858062744141e+01
-1.089444065093994141e+01
-1.069405937194824219e+01
-1.098334884643554688e+01
-1.086822986602783203e+01
-1.064174461364746094e+01
-1.095448112487792969e+01
-1.092870807647705078e+01
-1.073533630371093750e+01
-1.101204109191894531e+01
-1.086640930175781250e+01
-1.063568115234375000e+01
-1.095935153961181641e+01
-1.095840358734130859e+01
-1.077070236206054688e+01
-1.103580665588378906e+01
-1.087128639221191406e+01
-1.063643264770507812e+01
-1.096703815460205078e+01
-1.098286914825439453e+01
-1.079927349090576172e+01
-1.105756759643554688e+01
-1.087955856323242188e+01
-1.064277839660644531e+01
-1.097769260406494141e+01
-1.100549983978271484e+01
-1.082487487792968750e+01
-1.107772731781005859e+01
-1.088979721069335938e+01
-1.065135765075683594e+01
-1.098992252349853516e+01
-1.102648067474365234e+01
-1.084874343872070312e+01
-1.109740543365478516e+01
-1.090237426757812500e+01
-1.066268730163574219e+01
-1.100296592712402344e+01
-1.104701328277587891e+01
-1.087078094482421875e+01
-1.111632442474365234e+01
-1.091448307037353516e+01
-1.067392921447753906e+01
-1.101718235015869141e+01
-1.106675720214843750e+01
-1.089338493347167969e+01
-1.113556194305419922e+01
-1.092945003509521484e+01
-1.068765163421630859e+01
-1.103067016601562500e+01
-1.108723735809326172e+01
-1.091435432434082031e+01
-1.115425968170166016e+01
-1.094016456604003906e+01
-1.069755172729492188e+01
-1.104476165771484375e+01
-1.110808372497558594e+01
-1.094082641601562500e+01
-1.117506599426269531e+01
-1.095498085021972656e+01
-1.070891857147216797e+01
-1.105254364013671875e+01
-1.113442230224609375e+01
-1.096822834014892578e+01
-1.119613647460937500e+01
-1.095319557189941406e+01
-1.070429515838623047e+01
-1.105491733551025391e+01
-1.116722297668457031e+01
-1.101270771026611328e+01
-1.121561622619628906e+01
-1.098902702331542969e+01
-1.076071453094482422e+01
-1.106253433227539062e+01
-1.119404983520507812e+01
-1.097983169555664062e+01
-1.114339637756347656e+01
-1.117452526092529297e+01
-1.108210563659667969e+01
-1.121402835845947266e+01
-1.119715595245361328e+01
-1.120362663269042969e+01
-1.126055717468261719e+01
-1.124898624420166016e+01
-1.127827644348144531e+01
-1.130029964447021484e+01
-1.111526870727539062e+01
-1.119686889648437500e+01
-1.116828632354736328e+01
-1.116604423522949219e+01
-1.121655464172363281e+01
-1.126737689971923828e+01
-1.115729618072509766e+01
-1.118552589416503906e+01
-1.126713943481445312e+01
-1.127361679077148438e+01
-1.117875671386718750e+01
-1.122883319854736328e+01
-1.122796344757080078e+01
-1.123425674438476562e+01
-1.129371929168701172e+01
-1.132189941406250000e+01
-1.115938186645507812e+01
-1.118463993072509766e+01
-1.130951118469238281e+01
-1.132936668395996094e+01
-1.119440841674804688e+01
-1.125200843811035156e+01
-1.128210353851318359e+01
-1.128747367858886719e+01
-1.128505706787109375e+01
-1.131756973266601562e+01
-1.123423385620117188e+01
-1.125118732452392578e+01
-1.133944225311279297e+01
-1.136287021636962891e+01
-1.120399379730224609e+01
-1.123054790496826172e+01
-1.136153316497802734e+01
-1.138123607635498047e+01
-1.120385169982910156e+01
-1.124564647674560547e+01
-1.136691474914550781e+01
-1.138294124603271484e+01
-1.124028968811035156e+01
-1.127460289001464844e+01
-1.136811161041259766e+01
-1.138420486450195312e+01
-1.127137756347656250e+01
-1.130456924438476562e+01
-1.136955070495605469e+01
-1.138849925994873047e+01
-1.129542446136474609e+01
-1.132743740081787109e+01
-1.137087059020996094e+01
-1.139252853393554688e+01
