7.448243713378906250e+01
6.819140625000000000e+01
6.232216644287109375e+01
5.684431076049804688e+01
5.173730468750000000e+01
4.697555923461914062e+01
4.252842330932617188e+01
3.836174774169921875e+01
3.443847274780273438e+01
3.072572326660156250e+01
2.720541763305664062e+01
2.387589073181152344e+01
2.074736022949218750e+01
1.783758735656738281e+01
1.516947937011718750e+01
1.276957607269287109e+01
1.066753578186035156e+01
8.895096778869628906e+00
7.484435081481933594e+00
6.466095447540283203e+00
5.857346534729003906e+00
5.609150886535644531e+00
5.542608261108398438e+00
5.952807426452636719e+00
6.386292934417724609e+00
6.610270977020263672e+00
6.622025489807128906e+00
6.454285621643066406e+00
6.160713195800781250e+00
5.803397655487060547e+00
5.441908359527587891e+00
5.122242927551269531e+00
4.863101005554199219e+00
4.647133827209472656e+00
4.439490795135498047e+00
4.215721607208251953e+00
3.971996068954467773e+00
3.722500324249267578e+00
3.517224311828613281e+00
3.402451515197753906e+00
3.323618412017822266e+00
3.238253593444824219e+00
3.134042501449584961e+00
3.018525123596191406e+00
2.909503936767578125e+00
2.825359821319580078e+00
2.765562295913696289e+00
2.708297967910766602e+00
2.640777111053466797e+00
2.565574645996093750e+00
2.494997739791870117e+00
2.438610315322875977e+00
2.386793136596679688e+00
2.328235864639282227e+00
2.267057895660400391e+00
2.214119911193847656e+00
2.167835235595703125e+00
2.118610382080078125e+00
2.064786434173583984e+00
2.012952327728271484e+00
1.966946840286254883e+00
1.920321702957153320e+00
1.870285749435424805e+00
1.821921110153198242e+00
1.777095794677734375e+00
1.731739997863769531e+00
1.685390233993530273e+00
1.641126632690429688e+00
1.598719120025634766e+00
1.555955767631530762e+00
1.513787984848022461e+00
1.473351716995239258e+00
1.433382987976074219e+00
1.393755197525024414e+00
1.354871749877929688e+00
1.316204547882080078e+00
1.277801990509033203e+00
1.239784955978393555e+00
1.201742649078369141e+00
1.164132475852966309e+00
1.126505374908447266e+00
1.088425159454345703e+00
1.050766706466674805e+00
1.012984156608581543e+00
9.749280214309692383e-01
9.373121261596679688e-01
8.992065191268920898e-01
8.608381748199462891e-01
8.227083683013916016e-01
7.841124534606933594e-01
7.454861402511596680e-01
7.066411972045898438e-01
6.672463417053222656e-01
6.276906728744506836e-01
5.877040624618530273e-01
5.473616123199462891e-01
5.064465999603271484e-01
4.648904800415039062e-01
4.229317903518676758e-01
3.809175491333007812e-01
3.383322954177856445e-01
2.939274311065673828e-01
2.493035793304443359e-01
2.047423124313354492e-01
1.585533618927001953e-01
1.108430624008178711e-01
6.240057945251464844e-02
1.295375823974609375e-02
-3.854179382324218750e-02
-9.130132198333740234e-02
-1.451283693313598633e-01
-2.006130218505859375e-01
-2.579519748687744141e-01
-3.165192604064941406e-01
-3.764481544494628906e-01
-4.379951953887939453e-01
-5.011806488037109375e-01
-5.654941797256469727e-01
-6.309223175048828125e-01
-6.975781917572021484e-01
-7.654294967651367188e-01
-8.342027664184570312e-01
-9.037394523620605469e-01
-9.738230705261230469e-01
-1.044296622276306152e+00
-1.115010023117065430e+00
-1.185825586318969727e+00
-1.256598353385925293e+00
-1.327140331268310547e+00
-1.397403836250305176e+00
-1.467268466949462891e+00
-1.536605715751647949e+00
-1.605185270309448242e+00
-1.672587871551513672e+00
-1.738230705261230469e+00
-1.803336381912231445e+00
-1.867194056510925293e+00
-1.929803967475891113e+00
-1.991193532943725586e+00
-2.051736593246459961e+00
-2.111440181732177734e+00
-2.169927835464477539e+00
-2.226138114929199219e+00
-2.282577753067016602e+00
-2.338275909423828125e+00
-2.392944574356079102e+00
-2.446658372879028320e+00
-2.499901294708251953e+00
-2.551998376846313477e+00
-2.603484153747558594e+00
-2.655383586883544922e+00
-2.707710266113281250e+00
-2.758873462677001953e+00
-2.809783935546875000e+00
-2.859704494476318359e+00
-2.909324169158935547e+00
-2.959867000579833984e+00
-3.010562419891357422e+00
-3.059815883636474609e+00
-3.108133077621459961e+00
-3.156204938888549805e+00
-3.205342769622802734e+00
-3.253228902816772461e+00
-3.298804044723510742e+00
-3.343429565429687500e+00
-3.392205476760864258e+00
-3.438298940658569336e+00
-3.483434200286865234e+00
-3.526499748229980469e+00
-3.570559024810791016e+00
-3.616147041320800781e+00
-3.659652948379516602e+00
-3.701184511184692383e+00
-3.741996288299560547e+00
-3.785648584365844727e+00
-3.827997446060180664e+00
-3.868133783340454102e+00
-3.906692981719970703e+00
-3.948025226593017578e+00
-3.987985610961914062e+00
-4.026085376739501953e+00
-4.062605381011962891e+00
-4.101062774658203125e+00
-4.138504981994628906e+00
-4.173021793365478516e+00
-4.207815170288085938e+00
-4.244269847869873047e+00
-4.279078483581542969e+00
-4.311606407165527344e+00
-4.345446586608886719e+00
-4.380066871643066406e+00
-4.413192272186279297e+00
-4.444611549377441406e+00
-4.477838993072509766e+00
-4.509917736053466797e+00
-4.540445327758789062e+00
-4.571847915649414062e+00
-4.603512763977050781e+00
-4.634054183959960938e+00
-4.663889884948730469e+00
-4.695202827453613281e+00
-4.725874423980712891e+00
-4.755635738372802734e+00
-4.785272121429443359e+00
-4.814988136291503906e+00
-4.842942237854003906e+00
-4.871963977813720703e+00
-4.902035713195800781e+00
-4.929863929748535156e+00
-4.957403659820556641e+00
-4.986336231231689453e+00
-5.014415264129638672e+00
-5.041541576385498047e+00
-5.069900035858154297e+00
-5.096945762634277344e+00
-5.123315334320068359e+00
-5.150663852691650391e+00
-5.177298069000244141e+00
-5.202262878417968750e+00
-5.229257583618164062e+00
-5.254976272583007812e+00
-5.280261039733886719e+00
-5.306477546691894531e+00
-5.332203865051269531e+00
-5.356935977935791016e+00
-5.383062839508056641e+00
-5.407907485961914062e+00
-5.432534694671630859e+00
-5.457482814788818359e+00
-5.482038497924804688e+00
-5.506108283996582031e+00
-5.530813694000244141e+00
-5.554676055908203125e+00
-5.578299045562744141e+00
-5.601879596710205078e+00
-5.625569820404052734e+00
-5.648546695709228516e+00
-5.672399997711181641e+00
-5.695615291595458984e+00
-5.718811988830566406e+00
-5.742203712463378906e+00
-5.765519142150878906e+00
-5.788060188293457031e+00
-5.811218261718750000e+00
-5.833307266235351562e+00
-5.855716228485107422e+00
-5.878117084503173828e+00
-5.900206565856933594e+00
-5.922376632690429688e+00
-5.944843292236328125e+00
-5.966612815856933594e+00
-5.988679885864257812e+00
-6.010064125061035156e+00
-6.031277656555175781e+00
-6.052242755889892578e+00
-6.073662757873535156e+00
-6.094433307647705078e+00
-6.115848064422607422e+00
-6.136830806732177734e+00
-6.157906532287597656e+00
-6.179001331329345703e+00
-6.200188159942626953e+00
-6.220718383789062500e+00
-6.241691112518310547e+00
-6.261578559875488281e+00
-6.282037734985351562e+00
-6.302058696746826172e+00
-6.322080135345458984e+00
-6.342340469360351562e+00
-6.362481117248535156e+00
-6.382408142089843750e+00
-6.402700424194335938e+00
-6.422025203704833984e+00
-6.441723823547363281e+00
-6.460467338562011719e+00
-6.479942321777343750e+00
-6.498816967010498047e+00
-6.518253803253173828e+00
-6.537304878234863281e+00
-6.556653022766113281e+00
-6.575730323791503906e+00
-6.595251560211181641e+00
-6.614061355590820312e+00
-6.633455753326416016e+00
-6.651656150817871094e+00
-6.670591831207275391e+00
-6.688598155975341797e+00
-6.707151889801025391e+00
-6.725493431091308594e+00
-6.743867397308349609e+00
-6.762281417846679688e+00
-6.780812740325927734e+00
-6.798755168914794922e+00
-6.817193508148193359e+00
-6.834274291992187500e+00
-6.852423191070556641e+00
-6.869177818298339844e+00
-6.887348651885986328e+00
-6.904490470886230469e+00
-6.922322750091552734e+00
-6.939869880676269531e+00
-6.957641124725341797e+00
-6.975108623504638672e+00
-6.993196964263916016e+00
-7.010153770446777344e+00
-7.028143405914306641e+00
-7.044485569000244141e+00
-7.061999320983886719e+00
-7.078310489654541016e+00
-7.095352172851562500e+00
-7.112160682678222656e+00
-7.128911972045898438e+00
-7.145904541015625000e+00
-7.162854671478271484e+00
-7.179488658905029297e+00
-7.196666240692138672e+00
-7.212551116943359375e+00
-7.229429244995117188e+00
-7.244477272033691406e+00
-7.261342048645019531e+00
-7.276396274566650391e+00
-7.293197154998779297e+00
-7.308833599090576172e+00
-7.325171470642089844e+00
-7.341263771057128906e+00
-7.357591629028320312e+00
-7.373535156250000000e+00
-7.390253067016601562e+00
-7.405553817749023438e+00
-7.422246932983398438e+00
-7.436836242675781250e+00
-7.453125953674316406e+00
-7.467704772949218750e+00
-7.483439445495605469e+00
-7.498716831207275391e+00
-7.513902664184570312e+00
-7.529660701751708984e+00
-7.544862747192382812e+00
-7.560363292694091797e+00
-7.575990200042724609e+00
-7.590687274932861328e+00
-7.606356620788574219e+00
-7.619956016540527344e+00
-7.635576248168945312e+00
-7.648753643035888672e+00
-7.664520740509033203e+00
-7.678204059600830078e+00
-7.693486213684082031e+00
-7.707954406738281250e+00
-7.722773551940917969e+00
-7.737565994262695312e+00
-7.752589702606201172e+00
-7.767010688781738281e+00
-7.782377243041992188e+00
-7.796016216278076172e+00
-7.811257839202880859e+00
-7.824256896972656250e+00
-7.839142799377441406e+00
-7.852350234985351562e+00
-7.866641521453857422e+00
-7.880701065063476562e+00
-7.894346237182617188e+00
-7.909005165100097656e+00
-7.922570705413818359e+00
-7.937054634094238281e+00
-7.951041221618652344e+00
-7.964670658111572266e+00
-7.978847503662109375e+00
-7.991230487823486328e+00
-8.005518913269042969e+00
-8.017206192016601562e+00
-8.031894683837890625e+00
-8.043854713439941406e+00
-8.058266639709472656e+00
-8.071051597595214844e+00
-8.084806442260742188e+00
-8.098301887512207031e+00
-8.111852645874023438e+00
-8.125406265258789062e+00
-8.139194488525390625e+00
-8.152138710021972656e+00
-8.166012763977050781e+00
-8.178079605102539062e+00
-8.191821098327636719e+00
-8.203518867492675781e+00
-8.217002868652343750e+00
-8.229228973388671875e+00
-8.242078781127929688e+00
-8.255236625671386719e+00
-8.267474174499511719e+00
-8.281186103820800781e+00
-8.293364524841308594e+00
-8.306845664978027344e+00
-8.319341659545898438e+00
-8.331840515136718750e+00
-8.344474792480468750e+00
-8.355646133422851562e+00
-8.368726730346679688e+00
-8.379157066345214844e+00
-8.392954826354980469e+00
-8.403422355651855469e+00
-8.417188644409179688e+00
-8.428338050842285156e+00
-8.441490173339843750e+00
-8.453515052795410156e+00
-8.466170310974121094e+00
-8.478641510009765625e+00
-8.491135597229003906e+00
-8.503331184387207031e+00
-8.515710830688476562e+00
-8.527118682861328125e+00
-8.539423942565917969e+00
-8.550242424011230469e+00
-8.562619209289550781e+00
-8.573523521423339844e+00
-8.585700988769531250e+00
-8.597257614135742188e+00
-8.608919143676757812e+00
-8.621208190917968750e+00
-8.632469177246093750e+00
-8.645070075988769531e+00
-8.656264305114746094e+00
-8.668445587158203125e+00
-8.679611206054687500e+00
-8.690666198730468750e+00
-8.701988220214843750e+00
-8.711939811706542969e+00
-8.724224090576171875e+00
-8.733532905578613281e+00
-8.746678352355957031e+00
-8.755919456481933594e+00
-8.769091606140136719e+00
-8.778946876525878906e+00
-8.791576385498046875e+00
-8.802307128906250000e+00
-8.814357757568359375e+00
-8.825599670410156250e+00
-8.837228775024414062e+00
-8.848285675048828125e+00
-8.859559059143066406e+00
-8.869991302490234375e+00
-8.881142616271972656e+00
-8.891130447387695312e+00
-8.902429580688476562e+00
-8.912452697753906250e+00
-8.923744201660156250e+00
-8.934217453002929688e+00
-8.945204734802246094e+00
-8.956274032592773438e+00
-8.966923713684082031e+00
-8.978366851806640625e+00
-8.988833427429199219e+00
-9.000092506408691406e+00
-9.010374069213867188e+00
-9.020739555358886719e+00
-9.030930519104003906e+00
-9.040244102478027344e+00
-9.051219940185546875e+00
-9.059799194335937500e+00
-9.071900367736816406e+00
-9.080059051513671875e+00
-9.092700958251953125e+00
-9.101012229919433594e+00
-9.113521575927734375e+00
-9.122493743896484375e+00
-9.134522438049316406e+00
-9.144209861755371094e+00
-9.155697822570800781e+00
-9.165674209594726562e+00
-9.176615715026855469e+00
-9.186306953430175781e+00
-9.196802139282226562e+00
-9.206035614013671875e+00
-9.216433525085449219e+00
-9.225501060485839844e+00
-9.235999107360839844e+00
-9.245267868041992188e+00
-9.255711555480957031e+00
-9.265420913696289062e+00
-9.275635719299316406e+00
-9.285823822021484375e+00
-9.295815467834472656e+00
-9.306260108947753906e+00
-9.316115379333496094e+00
-9.326310157775878906e+00
-9.335943222045898438e+00
-9.345229148864746094e+00
-9.354746818542480469e+00
-9.363014221191406250e+00
-9.373333930969238281e+00
-9.380869865417480469e+00
-9.392404556274414062e+00
-9.399432182312011719e+00
-9.411675453186035156e+00
-9.418700218200683594e+00
-9.430976867675781250e+00
-9.438563346862792969e+00
-9.450421333312988281e+00
-9.458786010742187500e+00
-9.470070838928222656e+00
-9.478945732116699219e+00
-9.489618301391601562e+00
-9.498452186584472656e+00
-9.508561134338378906e+00
-9.516985893249511719e+00
-9.526813507080078125e+00
-9.534935951232910156e+00
-9.544825553894042969e+00
-9.552972793579101562e+00
-9.562943458557128906e+00
-9.571393013000488281e+00
-9.581255912780761719e+00
-9.590167999267578125e+00
-9.599801063537597656e+00
-9.609147071838378906e+00
-9.618578910827636719e+00
-9.628118515014648438e+00
-9.637376785278320312e+00
-9.646573066711425781e+00
-9.655525207519531250e+00
-9.663749694824218750e+00
-9.672632217407226562e+00
-9.679904937744140625e+00
-9.689682006835937500e+00
-9.696309089660644531e+00
-9.707294464111328125e+00
-9.713437080383300781e+00
-9.725179672241210938e+00
-9.731230735778808594e+00
-9.743148803710937500e+00
-9.749616622924804688e+00
-9.761278152465820312e+00
-9.768435478210449219e+00
-9.779607772827148438e+00
-9.787306785583496094e+00
-9.797883987426757812e+00
-9.805659294128417969e+00
-9.815631866455078125e+00
-9.823068618774414062e+00
-9.832659721374511719e+00
-9.839735984802246094e+00
-9.849301338195800781e+00
-9.856306076049804688e+00
-9.865972518920898438e+00
-9.873210906982421875e+00
-9.882816314697265625e+00
-9.890507698059082031e+00
-9.899875640869140625e+00
-9.908089637756347656e+00
-9.917179107666015625e+00
-9.925797462463378906e+00
-9.934673309326171875e+00
-9.943332672119140625e+00
-9.951973915100097656e+00
-9.960038185119628906e+00
-9.968338966369628906e+00
-9.975305557250976562e+00
-9.983855247497558594e+00
-9.989934921264648438e+00
-9.999680519104003906e+00
-1.000511169433593750e+01
-1.001607513427734375e+01
-1.002105808258056641e+01
-1.003268241882324219e+01
-1.003766155242919922e+01
-1.004939746856689453e+01
-1.005483913421630859e+01
-1.006630611419677734e+01
-1.007243728637695312e+01
-1.008342361450195312e+01
-1.009010410308837891e+01
-1.010050201416015625e+01
-1.010730075836181641e+01
-1.011710071563720703e+01
-1.012358474731445312e+01
-1.013297271728515625e+01
-1.013903903961181641e+01
-1.014838027954101562e+01
-1.015424728393554688e+01
-1.016373920440673828e+01
-1.016971874237060547e+01
-1.017925262451171875e+01
-1.018560600280761719e+01
-1.019495677947998047e+01
-1.020184803009033203e+01
-1.021088027954101562e+01
-1.021831607818603516e+01
-1.022704315185546875e+01
-1.023483848571777344e+01
-1.024331378936767578e+01
-1.025100708007812500e+01
-1.025913429260253906e+01
-1.026601409912109375e+01
-1.027381134033203125e+01
-1.027955055236816406e+01
-1.028790855407714844e+01
-1.029286575317382812e+01
-1.030258560180664062e+01
-1.030696105957031250e+01
-1.031782341003417969e+01
-1.032183742523193359e+01
-1.033327579498291016e+01
-1.033736515045166016e+01
-1.034887886047363281e+01
-1.035347938537597656e+01
-1.036473369598388672e+01
-1.037001514434814453e+01
-1.038080024719238281e+01
-1.038655281066894531e+01
-1.039677333831787109e+01
-1.040254592895507812e+01
-1.041223049163818359e+01
-1.041762638092041016e+01
-1.042700195312500000e+01
-1.043192863464355469e+01
-1.044132995605468750e+01
-1.044597911834716797e+01
-1.045558929443359375e+01
-1.046025753021240234e+01
-1.046996879577636719e+01
-1.047494029998779297e+01
-1.048451995849609375e+01
-1.048999023437500000e+01
-1.049927043914794922e+01
-1.050529670715332031e+01
-1.051423358917236328e+01
-1.052070140838623047e+01
-1.052930545806884766e+01
-1.053583717346191406e+01
-1.054404926300048828e+01
-1.054997158050537109e+01
-1.055776309967041016e+01
-1.056257343292236328e+01
-1.057063198089599609e+01
-1.057456302642822266e+01
-1.058382606506347656e+01
-1.058719348907470703e+01
-1.059769344329833984e+01
-1.060067653656005859e+01
-1.061188507080078125e+01
-1.061481571197509766e+01
-1.062620735168457031e+01
-1.062951850891113281e+01
-1.064070510864257812e+01
-1.064471817016601562e+01
-1.065547370910644531e+01
-1.066023635864257812e+01
-1.067046260833740234e+01
-1.067571258544921875e+01
-1.068540287017822266e+01
-1.069067955017089844e+01
-1.069989204406738281e+01
-1.070472717285156250e+01
-1.071366786956787109e+01
-1.071783256530761719e+01
-1.072689533233642578e+01
-1.073047065734863281e+01
-1.073998928070068359e+01
-1.074323081970214844e+01
-1.075319480895996094e+01
-1.075642299652099609e+01
-1.076655673980712891e+01
-1.077008438110351562e+01
-1.078006553649902344e+01
-1.078412628173828125e+01
-1.079373645782470703e+01
-1.079845333099365234e+01
-1.080762195587158203e+01
-1.081294918060302734e+01
-1.082170486450195312e+01
-1.082734680175781250e+01
-1.083563613891601562e+01
-1.084086990356445312e+01
-1.084851455688476562e+01
-1.085253238677978516e+01
-1.086007213592529297e+01
-1.086301898956298828e+01
-1.087183094024658203e+01
-1.087418460845947266e+01
-1.088454532623291016e+01
-1.088645267486572266e+01
-1.089774703979492188e+01
-1.089957714080810547e+01
-1.091118907928466797e+01
-1.091346836090087891e+01
-1.092499732971191406e+01
-1.092801570892333984e+01
-1.093919467926025391e+01
-1.094276714324951172e+01
-1.095340538024902344e+01
-1.095707130432128906e+01
-1.096716785430908203e+01
-1.097053146362304688e+01
-1.098030757904052734e+01
-1.098322391510009766e+01
-1.099298763275146484e+01
-1.099552822113037109e+01
-1.100548171997070312e+01
-1.100783443450927734e+01
-1.101799392700195312e+01
-1.102036571502685547e+01
-1.103060626983642578e+01
-1.103317642211914062e+01
-1.104333400726318359e+01
-1.104620361328125000e+01
-1.105614376068115234e+01
-1.105926036834716797e+01
-1.106890296936035156e+01
-1.107203006744384766e+01
-1.108134365081787109e+01
-1.108405876159667969e+01
-1.109313964843750000e+01
-1.109504795074462891e+01
-1.110427665710449219e+01
-1.110528850555419922e+01
-1.111520767211914062e+01
-1.111553001403808594e+01
-1.112639522552490234e+01
-1.112631511688232422e+01
-1.113791084289550781e+01
-1.113776779174804688e+01
-1.114958286285400391e+01
-1.114978504180908203e+01
-1.116125297546386719e+01
-1.116218090057373047e+01
-1.117286205291748047e+01
-1.117478466033935547e+01
-1.118441486358642578e+01
-1.118746566772460938e+01
-1.119593906402587891e+01
-1.120015239715576172e+01
-1.120746517181396484e+01
-1.121277618408203125e+01
-1.121904945373535156e+01
-1.122529888153076172e+01
-1.123076248168945312e+01
-1.123770904541015625e+01
-1.124265956878662109e+01
-1.125006580352783203e+01
-1.125484085083007812e+01
-1.126251125335693359e+01
-1.126749134063720703e+01
-1.127530193328857422e+01
-1.128087615966796875e+01
-1.128868865966796875e+01
-1.129497623443603516e+01
-1.130225086212158203e+01
-1.130854225158691406e+01
-1.131420803070068359e+01
-1.132001399993896484e+01
-1.132402706146240234e+01
-1.133061790466308594e+01
-1.133371829986572266e+01
-1.134196281433105469e+01
-1.134445190429687500e+01
-1.135415840148925781e+01
-1.135633754730224609e+01
-1.136696624755859375e+01
-1.136895370483398438e+01
-1.137987613677978516e+01
-1.138110160827636719e+01
-1.139197731018066406e+01
-1.139168262481689453e+01
-1.140312480926513672e+01
-1.140134620666503906e+01
-1.141412734985351562e+01
-1.141152477264404297e+01
-1.142544174194335938e+01
-1.142281723022460938e+01
-1.143707466125488281e+01
-1.143500041961669922e+01
-1.144888305664062500e+01
-1.144736766815185547e+01
-1.146051597595214844e+01
-1.145910167694091797e+01
-1.147162818908691406e+01
-1.146992015838623047e+01
-1.148226451873779297e+01
-1.148030757904052734e+01
-1.149279880523681641e+01
-1.149094295501708984e+01
-1.150350570678710938e+01
-1.150216102600097656e+01
-1.151447200775146484e+01
-1.151388454437255859e+01
-1.152565765380859375e+01
-1.152580928802490234e+01
-1.153687381744384766e+01
-1.153746128082275391e+01
-1.154782295227050781e+01
-1.154841232299804688e+01
-1.155827236175537109e+01
-1.155854892730712891e+01
-1.156831264495849609e+01
-1.156822204589843750e+01
-1.157826900482177734e+01
-1.157794857025146484e+01
-1.158840179443359375e+01
-1.158804321289062500e+01
-1.159875679016113281e+01
-1.159858131408691406e+01
-1.160932826995849609e+01
-1.160948753356933594e+01
-1.162007713317871094e+01
-1.162067794799804688e+01
-1.163098812103271484e+01
-1.163207530975341797e+01
-1.164204978942871094e+01
-1.164358711242675781e+01
-1.165323162078857422e+01
-1.165508174896240234e+01
-1.166442108154296875e+01
-1.166624832153320312e+01
-1.167528247833251953e+01
-1.167651844024658203e+01
-1.168529033660888672e+01
-1.168527317047119141e+01
-1.169427680969238281e+01
-1.169272136688232422e+01
-1.170296287536621094e+01
-1.170004558563232422e+01
-1.171216201782226562e+01
-1.170816707611083984e+01
-1.172193622589111328e+01
-1.171719741821289062e+01
-1.173195552825927734e+01
-1.172692584991455078e+01
-1.174195957183837891e+01
-1.173709487915039062e+01
-1.175182819366455078e+01
-1.174754428863525391e+01
-1.176151943206787109e+01
-1.175812816619873047e+01
-1.177104377746582031e+01
-1.176877212524414062e+01
-1.178046321868896484e+01
-1.177948951721191406e+01
-1.178997993469238281e+01
-1.179052734375000000e+01
-1.180010128021240234e+01
-1.180249977111816406e+01
-1.181161212921142578e+01
-1.181590080261230469e+01
-1.182443332672119141e+01
-1.182939434051513672e+01
-1.183624649047851562e+01
-1.184058094024658203e+01
-1.184562587738037109e+01
-1.185002422332763672e+01
-1.185407924652099609e+01
-1.185961437225341797e+01
-1.186303329467773438e+01
-1.186999797821044922e+01
-1.187282848358154297e+01
-1.188098144531250000e+01
-1.188308906555175781e+01
-1.189192008972167969e+01
-1.189279651641845703e+01
-1.190194034576416016e+01
-1.190095424652099609e+01
-1.191092109680175781e+01
-1.190804767608642578e+01
-1.191981315612792969e+01
-1.191552639007568359e+01
-1.192923164367675781e+01
-1.192417049407958984e+01
-1.193916797637939453e+01
-1.193403720855712891e+01
-1.194950199127197266e+01
-1.194480133056640625e+01
-1.196009922027587891e+01
-1.195593070983886719e+01
-1.197069168090820312e+01
-1.196674633026123047e+01
-1.198092365264892578e+01
-1.197676944732666016e+01
-1.199060535430908203e+01
-1.198595523834228516e+01
-1.199983310699462891e+01
-1.199468994140625000e+01
-1.200887584686279297e+01
-1.200347232818603516e+01
-1.201795768737792969e+01
-1.201263618469238281e+01
-1.202718353271484375e+01
-1.202228355407714844e+01
-1.203658199310302734e+01
-1.203232955932617188e+01
-1.204610919952392578e+01
-1.204255199432373047e+01
-1.205566787719726562e+01
-1.205261707305908203e+01
-1.206503486633300781e+01
-1.206206417083740234e+01
-1.207393169403076172e+01
-1.207050991058349609e+01
-1.208219146728515625e+01
-1.207794857025146484e+01
-1.208999061584472656e+01
-1.208486557006835938e+01
-1.209771633148193359e+01
-1.209186553955078125e+01
-1.210563659667968750e+01
-1.209931278228759766e+01
-1.211379337310791016e+01
-1.210729026794433594e+01
-1.212208652496337891e+01
-1.211572647094726562e+01
-1.213041496276855469e+01
-1.212452507019042969e+01
-1.213869857788085938e+01
-1.213356781005859375e+01
-1.214691352844238281e+01
-1.214275169372558594e+01
-1.215506744384765625e+01
-1.215202713012695312e+01
-1.216319084167480469e+01
-1.216138744354248047e+01
-1.217132949829101562e+01
-1.217086219787597656e+01
-1.217959785461425781e+01
-1.218055152893066406e+01
-1.218818950653076172e+01
-1.219062805175781250e+01
-1.219736671447753906e+01
-1.220138454437255859e+01
-1.220748138427734375e+01
-1.221307754516601562e+01
-1.221864700317382812e+01
-1.222540473937988281e+01
-1.222992801666259766e+01
-1.223677539825439453e+01
-1.223908996582031250e+01
-1.224561595916748047e+01
-1.224552059173583984e+01
-1.225317192077636719e+01
-1.225149059295654297e+01
-1.226129150390625000e+01
-1.225864315032958984e+01
-1.227034091949462891e+01
-1.226723003387451172e+01
-1.228015136718750000e+01
-1.227694320678710938e+01
-1.229042625427246094e+01
-1.228698921203613281e+01
-1.230055141448974609e+01
-1.229619598388671875e+01
-1.230984497070312500e+01
-1.230384445190429688e+01
-1.231829261779785156e+01
-1.231049156188964844e+01
-1.232649040222167969e+01
-1.231734943389892578e+01
-1.233489990234375000e+01
-1.232516002655029297e+01
-1.234364223480224609e+01
-1.233402061462402344e+01
-1.235265159606933594e+01
-1.234358882904052734e+01
-1.236178207397460938e+01
-1.235318756103515625e+01
-1.237071609497070312e+01
-1.236203861236572266e+01
-1.237911224365234375e+01
-1.236968040466308594e+01
-1.238692092895507812e+01
-1.237641143798828125e+01
-1.239445304870605469e+01
-1.238302707672119141e+01
-1.240205192565917969e+01
-1.239019489288330078e+01
-1.240986537933349609e+01
-1.239815044403076172e+01
-1.241790962219238281e+01
-1.240684509277343750e+01
-1.242614173889160156e+01
-1.241610908508300781e+01
-1.243454360961914062e+01
-1.242575168609619141e+01
-1.244310474395751953e+01
-1.243557357788085938e+01
-1.245177555084228516e+01
-1.244535160064697266e+01
-1.246043395996093750e+01
-1.245475006103515625e+01
-1.246884250640869141e+01
-1.246329784393310547e+01
-1.247664546966552734e+01
-1.247049045562744141e+01
-1.248362541198730469e+01
-1.247624874114990234e+01
-1.249000549316406250e+01
-1.248121261596679688e+01
-1.249637126922607422e+01
-1.248630046844482422e+01
-1.250312805175781250e+01
-1.249205303192138672e+01
-1.251026344299316406e+01
-1.249854278564453125e+01
-1.251759624481201172e+01
